 
           1           2
   1.000000      0.0000000E+00
  -2638.12343771000     
           1           3
  -1.000000      0.0000000E+00
  -2638.12283323000     
           1           4
  0.0000000E+00   1.000000    
  -2638.12568904000     
           1           5
   1.000000      -1.000000    
  -2638.12120159000     
           1           6
  -2.000000      0.0000000E+00
  -2638.11129878000     
           1           7
  0.0000000E+00  -1.000000    
  -2638.12575259000     
           1           8
   2.000000      0.0000000E+00
  -2638.11562637000     
           1           9
   1.000000       1.000000    
  -2638.12475194000     
           1          10
  -1.000000      -1.000000    
  -2638.12481953000     
           1          11
  0.0000000E+00   2.000000    
  -2638.12327480000     
           1          12
  -3.000000      0.0000000E+00
  -2638.09174051000     
           1          13
  0.0000000E+00  -2.000000    
  -2638.12386241000     
           1          14
  -1.000000       1.000000    
  -2638.11858042000     
           1          15
   2.000000      -1.000000    
  -2638.11262569000     
           1          16
  -2.000000      -1.000000    
  -2638.11732370000     
           1          17
   3.000000      0.0000000E+00
  -2638.10470478000     
           1          18
   1.000000      -2.000000    
  -2638.11817839000     
           1          19
  -2.000000       1.000000    
  -2638.10172248000     
           1          20
   2.000000       1.000000    
  -2638.11800493000     
           1          21
   1.000000       2.000000    
  -2638.12500587000     
           2           2
  -4.000000      0.0000000E+00
  -2638.06594702000     
           1          22
  -1.000000      -2.000000    
  -2638.12493600000     
           1          23
   2.000000      -2.000000    
  -2638.10909258000     
           2           3
  -2.000000       2.000000    
  -2638.08779765000     
           1          24
  0.0000000E+00   3.000000    
  -2638.11895495000     
           2           4
  -3.000000       1.000000    
  -2638.07507521000     
           1          25
   3.000000      -1.000000    
  -2638.10144203000     
           1          26
   3.000000       1.000000    
  -2638.10752626000     
           1          27
  -1.000000       2.000000    
  -2638.11162545000     
           1          28
  -3.000000      -1.000000    
  -2638.10307280000     
           1          29
  0.0000000E+00  -3.000000    
  -2638.12097612000     
           1          30
  -2.000000      -2.000000    
  -2638.12047394000     
           1          31
   4.000000      0.0000000E+00
  -2638.09205215000     
           1          32
   1.000000      -3.000000    
  -2638.11449565000     
           1          33
  -1.000000      -3.000000    
  -2638.12352706000     
           1          34
  0.0000000E+00   4.000000    
  -2638.11249937000     
           2           5
  -4.000000      -1.000000    
  -2638.08320050000     
           1          35
   2.000000       2.000000    
  -2638.11967112000     
           1          36
   2.000000      -3.000000    
  -2638.10511208000     
           1          37
   4.000000       1.000000    
  -2638.09496394000     
           1          38
  0.0000000E+00  -4.000000    
  -2638.11728249000     
           1          39
   3.000000      -2.000000    
  -2638.09780036000     
           2           6
   4.000000      -1.000000    
  -2638.08881443000     
           1          40
  -3.000000      -2.000000    
  -2638.11020154000     
           1          41
   1.000000       3.000000    
  -2638.12406179000     
           1          42
  -1.000000       3.000000    
  -2638.10150651000     
           1          43
   3.000000       2.000000    
  -2638.10984357000     
           1          44
  -2.000000      -3.000000    
  -2638.12132720000     
           2           7
   5.000000      0.0000000E+00
  -2638.07867240000     
           1          45
   1.000000       4.000000    
  -2638.12179177000     
           1          46
   2.000000      -4.000000    
  -2638.10076335000     
           1          47
  0.0000000E+00  -5.000000    
  -2638.11294527000     
           2           8
  -2.000000       3.000000    
  -2638.06861850000     
           1          48
  -1.000000      -4.000000    
  -2638.12089126000     
           1          49
   3.000000      -3.000000    
  -2638.09384017000     
           2           9
   5.000000       1.000000    
  -2638.08149088000     
           2          10
   4.000000      -2.000000    
  -2638.08529578000     
           1          50
   1.000000      -4.000000    
  -2638.11027450000     
           1          51
  0.0000000E+00   5.000000    
  -2638.10370413000     
           1          52
   4.000000       2.000000    
  -2638.09750323000     
           1          53
  -4.000000      -2.000000    
  -2638.09474262000     
           2          11
  -1.000000       4.000000    
  -2638.08775669000     
           1          54
   2.000000       3.000000    
  -2638.12053645000     
           1          55
  -3.000000      -3.000000    
  -2638.11404212000     
           1          56
   1.000000       5.000000    
  -2638.11808489000     
           1          57
   1.000000      -5.000000    
  -2638.10562616000     
           2          12
  -1.000000       5.000000    
  -2638.06992952000     
           2          13
  -5.000000      -2.000000    
  -2638.07519429000     
           1          58
  -3.000000      -4.000000    
  -2638.11532436000     
           1          59
   3.000000       3.000000    
  -2638.11159338000     
           2          14
   3.000000      -4.000000    
  -2638.08961834000     
           1          60
  0.0000000E+00  -6.000000    
  -2638.10810732000     
           1          61
  0.0000000E+00   6.000000    
  -2638.09240926000     
           1          62
  -4.000000      -3.000000    
  -2638.10188812000     
           1          63
  -2.000000      -4.000000    
  -2638.12036916000     
           1          64
   2.000000      -5.000000    
  -2638.09612042000     
           2          15
   5.000000       2.000000    
  -2638.08402606000     
           1          65
   2.000000       4.000000    
  -2638.12051726000     
           1          66
  -1.000000      -5.000000    
  -2638.11728795000     
           2          16
   4.000000      -3.000000    
  -2638.08153952000     
           1          67
   4.000000       3.000000    
  -2638.09962216000     
           1          68
   1.000000      -6.000000    
  -2638.10064771000     
           1          69
   3.000000       4.000000    
  -2638.11271226000     
           1          70
  -2.000000      -5.000000    
  -2638.11799913000     
           1          71
   2.000000       5.000000    
  -2638.11953452000     
           1          72
  -3.000000      -5.000000    
  -2638.11462952000     
           2          17
  -1.000000       6.000000    
  -2638.04763246000     
           1          73
  -4.000000      -4.000000    
  -2638.10565864000     
           1          74
  -1.000000      -6.000000    
  -2638.11293921000     
           2          18
  0.0000000E+00   7.000000    
  -2638.07853672000     
           1          75
   1.000000       6.000000    
  -2638.11285094000     
           1          76
  0.0000000E+00  -7.000000    
  -2638.10289411000     
           2          19
  -5.000000      -3.000000    
  -2638.08517310000     
           1          77
   2.000000      -6.000000    
  -2638.09125199000     
           1          78
   1.000000      -7.000000    
  -2638.09542198000     
           1          79
  -2.000000      -6.000000    
  -2638.11453875000     
           1          80
  -5.000000      -4.000000    
  -2638.09108270000     
           2          20
   3.000000      -5.000000    
  -2638.08518698000     
           1          81
   2.000000       6.000000    
  -2638.11751565000     
           2          21
   5.000000       3.000000    
  -2638.08624232000     
           1          82
   4.000000       4.000000    
  -2638.10127200000     
           1          83
  -3.000000      -6.000000    
  -2638.11242019000     
           1          84
   3.000000       5.000000    
  -2638.11313651000     
           1          85
  -4.000000      -5.000000    
  -2638.10685317000     
           1          86
  -1.000000      -7.000000    
  -2638.10802635000     
           2          22
   2.000000      -7.000000    
  -2638.08621851000     
           2          23
  -6.000000      -4.000000    
  -2638.06955296000     
           2          24
   5.000000       4.000000    
  -2638.08810317000     
           1          87
   1.000000       7.000000    
  -2638.10603157000     
           2          25
   1.000000      -8.000000    
  -2638.09002104000     
           1          88
   3.000000       6.000000    
  -2638.11280197000     
           1          89
  -4.000000      -6.000000    
  -2638.10609180000     
           1          90
  0.0000000E+00  -8.000000    
  -2638.09741174000     
           1          91
  -2.000000      -7.000000    
  -2638.11024937000     
           1          92
   2.000000       7.000000    
  -2638.11439555000     
           1          93
  -3.000000      -7.000000    
  -2638.10906219000     
           2          26
   3.000000      -6.000000    
  -2638.08059392000     
           1          94
  -5.000000      -5.000000    
  -2638.09390876000     
           1          95
   4.000000       5.000000    
  -2638.10240191000     
           1          96
  -1.000000      -8.000000    
  -2638.10269692000     
           1          97
  -5.000000      -6.000000    
  -2638.09441287000     
           1          98
  -2.000000      -8.000000    
  -2638.10534144000     
           1          99
   1.000000       8.000000    
  -2638.09760865000     
           1         100
  -3.000000      -8.000000    
  -2638.10484666000     
           1         101
   3.000000       7.000000    
  -2638.11164125000     
           1         102
  0.0000000E+00  -9.000000    
  -2638.09174641000     
           1         103
   4.000000       6.000000    
  -2638.10295756000     
           1         104
  -4.000000      -7.000000    
  -2638.10385020000     
           1         105
   2.000000       8.000000    
  -2638.11011765000     
           2          27
   5.000000       5.000000    
  -2638.08956983000     
           1         106
  -2.000000      -9.000000    
  -2638.09998583000     
           1         107
  -3.000000      -9.000000    
  -2638.09999470000     
           2          28
  0.0000000E+00  -10.00000    
  -2638.08596738000     
           2          29
  -6.000000      -6.000000    
  -2638.07392922000     
           2          30
   1.000000       9.000000    
  -2638.08760322000     
           1         108
   3.000000       8.000000    
  -2638.10957906000     
           2          31
  -6.000000      -5.000000    
  -2638.07295534000     
           1         109
  -5.000000      -7.000000    
  -2638.09318454000     
           1         110
  -4.000000      -8.000000    
  -2638.10049384000     
           2          32
   1.000000      -9.000000    
  -2638.08450786000     
           1         111
  -1.000000      -9.000000    
  -2638.09707061000     
           2          33
  0.0000000E+00   8.000000    
  -2638.06210135000     
           1         112
   4.000000       7.000000    
  -2638.10287799000     
           1         113
  -4.000000      -9.000000    
  -2638.09631149000     
           2          34
  -6.000000      -7.000000    
  -2638.07314959000     
           1         114
   2.000000       9.000000    
  -2638.10462532000     
           1         115
   4.000000       8.000000    
  -2638.10209032000     
           1         116
  -2.000000      -10.00000    
  -2638.09431760000     
           1         117
   3.000000       9.000000    
  -2638.10652312000     
           1         118
   5.000000       6.000000    
  -2638.09059978000     
           1         119
  -3.000000      -10.00000    
  -2638.09467838000     
           1         120
  -5.000000      -8.000000    
  -2638.09067078000     
           1         121
  -4.000000      -10.00000    
  -2638.09152305000     
           1         122
   4.000000       9.000000    
  -2638.10050124000     
           2          35
   6.000000       6.000000    
  -2638.07723120000     
           1         123
  -1.000000      -10.00000    
  -2638.09124559000     
           1         124
   2.000000       10.00000    
  -2638.09785005000     
           2          36
  -2.000000      -11.00000    
  -2638.08843826000     
           1         125
   5.000000       7.000000    
  -2638.09114457000     
           1         126
   5.000000       8.000000    
  -2638.09114597000     
           1         127
   3.000000       10.00000    
  -2638.10234878000     
           2          37
  -5.000000      -9.000000    
  -2638.08720947000     
           2          38
  -5.000000      -10.00000    
  -2638.08305336000     
           2          39
  -1.000000      -11.00000    
  -2638.08530270000     
           2          40
   6.000000       8.000000    
  -2638.07863326000     
           2          41
  -3.000000      -11.00000    
  -2638.08903582000     
           1         128
   5.000000       9.000000    
  -2638.09053034000     
           2          42
   2.000000       11.00000    
  -2638.08969416000     
           2          43
  -6.000000      -8.000000    
  -2638.07113222000     
           1         129
   4.000000       10.00000    
  -2638.09798368000     
           2          44
   6.000000       7.000000    
  -2638.07813504000     
           2          45
  -4.000000      -11.00000    
  -2638.08629232000     
           2          46
   1.000000       10.00000    
  -2638.07607471000     
           2          47
   6.000000       9.000000    
  -2638.07867668000     
           1         130
   3.000000       11.00000    
  -2638.09687480000     
           2          48
   5.000000       10.00000    
  -2638.08919969000     
           1         131
   4.000000       11.00000    
  -2638.09435445000     
           2          49
   4.000000       12.00000    
  -2638.08933847000     
           2          50
   3.000000       12.00000    
  -2638.08981923000     
